((((tip0:0.882640,tip1:0.882640)n1:3.899169,(tip2:3.441568,tip3:3.441568)n2:1.340241)n3:0.117040,((((tip4:0.845623,tip5:0.845623)n4:2.319686,((tip6:2.082533,tip7:2.082533)n5:0.910115,((((tip8:0.068012,tip9:0.068012)n6:0.316873,tip10:0.384885)n7:1.596716,tip11:1.981601)n8:0.050556,(((tip12:0.760461,tip13:0.760461)n9:0.263307,(tip14:0.169341,tip15:0.169341)n10:0.854427)n11:0.388732,tip16:1.412500)n12:0.619657)n13:0.960491)n14:0.172661)n15:0.320554,((((tip17:0.991391,tip18:0.991391)n16:0.047530,((tip19:0.213921,tip20:0.213921)n17:0.535003,tip21:0.748923)n18:0.289998)n19:0.894176,tip22:1.933097)n20:1.219855,(tip23:0.653033,tip24:0.653033)n21:2.499920)n22:0.332911)n23:0.901198,((tip25:2.133505,((tip26:0.978006,tip27:0.978006)n24:0.694675,((tip28:1.181274,tip29:1.181274)n25:0.072792,((tip30:0.540345,tip31:0.540345)n26:0.157967,tip32:0.698312)n27:0.555753)n28:0.418615)n29:0.460824)n30:0.351939,((tip33:0.173139,tip34:0.173139)n31:0.913711,tip35:1.086850)n32:1.398594)n33:1.901617)n34:0.511787)n35:0.601151,(((tip36:0.210273,tip37:0.210273)n36:0.494509,tip38:0.704782)n37:0.748741,(tip39:0.344853,(tip40:0.288100,tip41:0.288100)n38:0.056753)n39:1.108670)n40:4.046477)n41:0.000000;
tip0	2
tip1	2
tip2	1
tip3	1
tip4	0
tip5	1
tip6	1
tip7	0
tip8	1
tip9	1
tip10	0
tip11	1
tip12	0
tip13	1
tip14	1
tip15	1
tip16	1
tip17	1
tip18	1
tip19	1
tip20	1
tip21	0
tip22	0
tip23	0
tip24	1
tip25	0
tip26	0
tip27	1
tip28	0
tip29	0
tip30	1
tip31	0
tip32	1
tip33	0
tip34	0
tip35	1
tip36	2
tip37	0
tip38	2
tip39	2
tip40	2
tip41	2
n41 0.334135202545341 0.323263189431817 0.342601608022842
n35 0.356812716647339 0.422826755916442 0.220360527436219
n3 0.361086188071671 0.431950586318464 0.206963225609864
n1 0.219314323971349 0.0242002410105737 0.756485435018078
n2 0.362309606007713 0.519333692084931 0.118356701907355
n34 0.357172342288277 0.484926729554492 0.157900928157231
n23 0.338285470477309 0.56144310453327 0.100271424989421
n15 0.332240694561851 0.578738068219348 0.0890212372188006
n4 0.390895447494131 0.562858875018729 0.0462456774871404
n14 0.327631090146067 0.58839933401231 0.0839695758416224
n5 0.359083488259125 0.56174528739043 0.0791712243504449
n13 0.263092891128784 0.683481394671944 0.0534257141992723
n8 0.265937951923108 0.681020869929201 0.0530411781476911
n7 0.365775153189022 0.617000747685744 0.0172240991252343
n6 0.00346694158831584 0.996222451585953 0.000310606825731479
n12 0.215168801714251 0.749622198718526 0.0352089995672232
n11 0.205676152039181 0.771278411058853 0.0230454369019655
n9 0.269673317179959 0.711070355428086 0.0192563273919552
n10 0.00787719838465957 0.991025657048681 0.00109714456665922
n22 0.343682742428228 0.563507209567305 0.0928100480044674
n20 0.326440178341843 0.607023760748199 0.066536060909958
n19 0.163703302099 0.815216573930758 0.0210801239702416
n16 0.154240006439511 0.825474980197313 0.0202850133631763
n18 0.219139298819557 0.765291602295442 0.0155690988850004
n17 0.0145066811313321 0.983755677105131 0.00173764176353721
n21 0.401220881314657 0.561904292399024 0.0368748262863188
n33 0.389231520703816 0.530564170754519 0.0802043085416652
n30 0.407452371925804 0.522360907412547 0.0701867206616489
n29 0.420661975251916 0.526629107532817 0.0527089172152664
n24 0.403473986458048 0.549458381604909 0.0470676319370428
n28 0.466660254017706 0.495475744922527 0.0378640010597664
n25 0.498960358351138 0.463377761036461 0.0376618806124008
n27 0.288130635041894 0.690283398534942 0.0215859664231638
n26 0.318643607729432 0.664609049324034 0.0167473429465346
n32 0.415347178540701 0.530371645076917 0.0542811763823815
n31 0.980842750650194 0.0167907721231496 0.00236647722665582
n40 0.314487955535797 0.0555998490362945 0.629912195427908
n37 0.20403707968632 0.0124602821090437 0.783502638204636
n36 0.286221115854042 0.00174155691492923 0.712037327231029
n39 0.00587072369184173 1.67748788391357e-05 0.994112501429319
n38 0.00210663145786822 4.02519027004443e-06 0.997889343351862
